1.1693
1.1782
1.1513
1.1474
1.1404
1.1368
1.1280
1.1213
1.1139
1.1147
1.1145
1.1110
1.1079
1.1039
1.1036
1.1010
1.1078
1.0998
1.0942
1.0941
1.0955
1.1082
1.1008
1.1034
1.0951
1.0982
1.0930
1.0953
1.0919
1.0899
1.1032
1.0968
1.1067
1.0938
1.0957
1.0908
1.0902
1.0867
1.0909
1.0969
1.0873
1.1004
1.0838
1.0877
1.0853
1.1024
1.0962
1.0920
1.0854
1.0899
1.0868
1.0856
1.0893
1.0854
1.0935
1.1039
1.0883
1.0823
1.0779
1.1016
1.0903
1.0820
1.0862
1.0839
1.0803
1.0998
1.0894
1.0810
1.0771
1.0781
1.0796
1.0847
1.0895
1.0817
1.0934
1.0878
1.0862
1.0905
1.0831
1.0909
1.0777
1.0779
1.0814
1.0901
1.0812
1.0761
1.0803
1.0749
1.0816
1.0812
1.0807
1.0852
1.0700
1.0709
1.0844
1.0803
1.0855
1.0780
1.0773
1.0878
1.0813
1.0641
1.0829
1.0770
1.0770
1.0739
1.0771
1.0731
1.0802
1.0649
1.0836
1.0800
1.0796
1.0743
1.0743
1.0823
1.0720
1.0699
1.0680
1.0774
1.0693
1.0751
1.0714
1.0611
1.0702
1.0723
1.0746
1.0610
1.0733
1.0757
1.0620
1.0605
1.0629
1.0644
1.0672
1.0748
1.0748
1.0763
1.0596
1.0692
1.0653
1.0623
1.0610
1.0718
1.0628
1.0512
1.0676
1.0618
1.0642
1.0636
1.0676
1.0597
1.0613
1.0503
1.0602
1.0583
1.0738
1.0680
1.0566
1.0584
1.0520
1.0669
1.0520
1.0554
1.0574
1.0586
1.0566
1.0779
1.0494
1.0594
1.0454
1.0595
1.0659
1.0617
1.0703
1.0484
1.0645
1.0687
1.0430
1.0617
1.0727
1.0572
1.0495
1.0502
1.0465
1.0504
1.0541
1.0767
1.0526
1.0629
1.0570
1.0534
1.0556
1.0512
1.0560
1.0535
1.0352
1.0615
1.0423
1.0364
1.0482
1.0613
1.0683
1.0462
1.0668
1.0512
1.0427
1.0450
1.0473
1.0487
1.0512
1.0565
1.0270
1.0540
1.0559
1.0652
1.0467
1.0473
1.0425
1.0632
1.0581
1.0399
1.0594
1.0518
1.0380
1.0532
1.0568
1.0374
1.0359
1.0446
1.0699
1.0617
1.0478
1.0416
1.0692
1.0251
1.0439
1.0417
