1.1118
1.1144
1.0948
1.0964
1.0871
1.0928
1.0891
1.0837
1.0905
1.0842
1.0889
1.0898
1.0841
1.0805
1.0692
1.0745
1.0816
1.0838
1.0807
1.0954
1.0860
1.0685
1.0852
1.0740
1.0825
1.0679
1.0747
1.0781
1.0737
1.0706
1.0780
1.0706
1.0737
1.0723
1.0647
1.0678
1.0610
1.0701
1.0609
1.0694
1.0682
1.0731
1.0610
1.0672
1.0543
1.0727
1.0610
1.0620
1.0587
1.0611
1.0616
1.0619
1.0584
1.0489
1.0490
1.0623
1.0427
1.0508
1.0649
1.0558
1.0545
1.0494
1.0518
1.0517
1.0422
1.0427
1.0422
1.0526
1.0282
1.0628
1.0377
1.0550
1.0484
1.0371
1.0494
1.0394
1.0454
1.0262
1.0280
1.0510
1.0234
1.0461
1.0386
1.0536
1.0086
1.0370
1.0391
1.0384
1.0474
1.0305
1.0358
1.0068
1.0325
1.0323
1.0281
1.0394
1.0217
1.0446
1.0099
1.0141
1.0467
1.0241
1.0125
1.0138
1.0291
1.0098
1.0160
1.0051
1.0158
1.0271
1.0236
1.0151
1.0077
1.0068
1.0079
0.9893
1.0165
1.0120
1.0396
1.0025
1.0107
1.0028
1.0046
1.0052
0.9986
1.0066
0.9898
0.9996
1.0189
1.0071
1.0280
1.0141
0.9871
