1.1718
1.1442
1.1187
1.1204
1.1024
1.1184
1.1192
1.1088
1.1091
1.1089
1.1018
1.1029
1.0929
1.1037
1.0985
1.1044
1.1055
1.1105
1.0946
1.0911
1.0846
1.1014
1.0907
1.0925
1.0870
1.1113
1.0996
1.1021
1.0933
1.0891
1.0960
1.0964
1.1000
1.0968
1.0977
1.0909
1.0956
1.0904
1.0927
1.0929
1.0946
1.0828
1.0903
1.0869
1.0905
1.0904
1.0800
1.0927
1.0887
1.0873
1.0880
1.0905
1.0890
1.0911
1.0937
1.0918
1.0821
1.0838
1.0868
1.0923
1.1041
1.0924
1.0791
1.0830
1.0852
1.0774
1.0795
1.0824
1.0759
1.0738
1.0826
1.0714
1.0760
1.0839
1.0907
1.0769
1.0728
1.0743
1.0842
1.0795
1.0815
1.0768
1.0867
1.0838
1.0814
1.0845
1.0846
1.0770
1.0798
1.0672
1.0753
1.0734
1.0735
1.0782
1.0725
1.0857
1.0813
1.0775
1.0706
1.0731
1.0754
1.0784
1.0750
1.0835
1.0686
1.0834
1.0689
1.0805
1.0629
1.0556
1.0785
1.0712
1.0530
1.0748
1.0755
1.0680
1.0787
1.0681
1.0654
1.0721
1.0541
1.0720
1.0562
1.0694
1.0597
1.0744
1.0568
1.0660
1.0702
1.0835
1.0615
1.0594
1.0689
1.0613
1.0748
1.0619
1.0562
1.0658
1.0570
1.0704
1.0520
1.0617
1.0641
1.0626
1.0676
1.0676
1.0674
1.0643
1.0582
1.0660
1.0654
1.0553
1.0427
1.0753
1.0643
1.0594
1.0533
1.0610
1.0499
1.0487
1.0651
1.0605
1.0528
1.0665
1.0609
1.0409
1.0694
1.0585
1.0475
1.0756
1.0549
1.0578
1.0547
1.0573
1.0558
1.0473
1.0414
1.0481
1.0768
1.0580
1.0537
1.0632
1.0444
1.0382
1.0477
1.0499
1.0608
1.0640
1.0496
1.0442
1.0528
1.0572
1.0435
1.0525
1.0639
1.0564
1.0518
1.0548
1.0586
1.0506
1.0441
1.0487
1.0376
1.0507
1.0335
1.0540
1.0480
1.0679
1.0501
1.0484
1.0539
1.0452
1.0323
1.0600
1.0404
1.0369
1.0375
1.0273
1.0426
1.0395
1.0396
1.0489
1.0348
1.0519
1.0365
1.0271
1.0437
1.0501
1.0608
1.0460
1.0437
1.0430
1.0527
1.0442
1.0404
1.0327
1.0547
1.0491
1.0475
1.0338
1.0277
1.0495
1.0579
1.0371
1.0315
