1.2674
1.2383
1.2321
1.1933
1.1742
1.1531
1.1352
1.1263
1.1224
1.1193
1.1251
1.1038
1.1192
1.1039
1.0930
1.1016
1.0987
1.1041
1.1026
1.1130
1.1051
1.0914
1.0920
1.0906
1.0999
1.0956
1.0849
1.0996
1.0916
1.0904
1.0998
1.0842
1.0889
1.0865
1.0944
1.0843
1.0972
1.0873
1.0892
1.1009
1.0809
1.0871
1.0861
1.0943
1.0839
1.0901
1.0923
1.0850
1.0952
1.0904
1.0834
1.0920
1.0984
1.0795
1.0846
1.0869
1.0827
1.0924
1.0884
1.0790
1.0746
1.0888
1.0909
1.0757
1.0922
1.0881
1.0823
1.0846
1.0808
1.0858
1.0834
1.0814
1.0886
1.0877
1.0731
1.0878
1.0780
1.0855
1.0761
1.0821
1.0820
1.0804
1.0912
1.0858
1.0867
1.0784
1.0817
1.0747
1.0829
1.0756
1.0914
1.0710
1.0790
1.0788
1.0812
1.0720
1.0773
1.0918
1.0743
1.0842
1.0742
1.0741
1.0661
1.0766
1.0767
1.0806
1.0770
1.0738
1.0773
1.0893
1.0770
1.0794
1.0781
1.0739
1.0725
1.0676
1.0874
1.0840
1.0652
1.0678
1.0655
1.0833
1.0848
1.0664
1.0807
1.0670
1.0724
1.0862
1.0657
1.0676
1.0742
1.0769
1.0666
1.0774
1.0769
1.0690
1.0714
1.0668
1.0838
1.0664
1.0619
1.0723
1.0611
1.0753
1.0631
1.0798
1.0736
1.0708
1.0676
1.0571
1.0734
1.0718
1.0787
1.0698
1.0809
1.0689
1.0628
1.0703
1.0746
1.0574
1.0586
1.0662
1.0648
1.0771
1.0456
1.0629
1.0722
1.0740
1.0519
1.0675
1.0809
1.0551
1.0645
1.0712
1.0754
1.0653
1.0678
1.0561
1.0711
1.0600
1.0535
1.0713
1.0627
1.0746
1.0600
1.0603
1.0485
1.0638
1.0675
1.0593
1.0475
1.0450
1.0656
1.0609
1.0651
1.0680
1.0551
1.0538
1.0588
1.0600
1.0526
1.0582
1.0572
1.0542
1.0566
1.0514
1.0589
1.0578
1.0616
1.0489
1.0569
1.0580
1.0588
1.0537
1.0471
1.0467
1.0574
