1.1534
1.1342
1.1110
1.1150
1.1052
1.1099
1.1030
1.0997
1.0966
1.1114
1.1024
1.1049
1.0975
1.0945
1.0982
1.1011
1.0940
1.1009
1.0899
1.0939
1.0905
1.0917
1.0986
1.0999
1.0848
1.0946
1.0932
1.0964
1.0978
1.0898
1.0944
1.0936
1.0951
1.0916
1.0922
1.0920
1.0933
1.0914
1.0914
1.0870
1.0917
1.0824
1.0850
1.0883
1.0927
1.0902
1.0829
1.0931
1.0917
1.0857
1.0900
1.0935
1.0879
1.0883
1.0851
1.0904
1.0799
1.0786
1.0836
1.0819
1.0963
1.0832
1.0855
1.0910
1.0838
1.0787
1.0900
1.0782
1.0798
1.0819
1.0860
1.0820
1.0760
1.0879
1.0855
1.0845
1.0717
1.0791
1.0806
1.0809
1.0787
1.0736
1.0856
1.0786
1.0830
1.0821
1.0816
1.0760
1.0832
1.0602
1.0749
1.0736
1.0632
1.0824
1.0698
1.0796
1.0768
1.0740
1.0743
1.0700
1.0770
1.0860
1.0656
1.0757
1.0695
1.0800
1.0716
1.0690
1.0708
1.0614
1.0748
1.0709
1.0625
1.0713
1.0811
1.0638
1.0704
1.0698
1.0720
1.0703
1.0639
1.0779
1.0635
1.0708
1.0671
1.0703
1.0551
1.0670
1.0731
1.0781
1.0590
1.0611
1.0754
1.0559
1.0688
1.0656
1.0550
1.0654
1.0548
1.0690
1.0618
1.0631
1.0570
1.0550
1.0541
1.0609
1.0684
1.0700
1.0551
1.0615
1.0638
1.0555
1.0422
1.0647
