1.1709
1.1736
1.1376
1.1460
1.1263
1.1244
1.1230
1.1186
1.1076
1.1038
1.0938
1.1086
1.1000
1.1020
1.0948
1.0963
1.1096
1.0968
1.0972
1.0907
1.0934
1.0826
1.0939
1.0940
1.0946
1.0883
1.0842
1.0920
1.0943
1.0875
1.0909
1.0871
1.0990
1.0858
1.0852
1.0839
1.0836
1.0829
1.0815
1.0932
1.0760
1.0988
1.0838
1.0787
1.0718
1.0933
1.0855
1.0816
1.0778
1.0697
1.0787
1.0809
1.0816
1.0748
1.0812
1.0910
1.0819
1.0747
1.0696
1.0840
1.0841
1.0762
1.0772
1.0802
1.0626
1.0829
1.0804
1.0781
1.0761
1.0731
1.0636
1.0764
1.0734
1.0785
1.0821
1.0775
1.0728
1.0733
1.0684
1.0780
1.0678
1.0640
1.0714
1.0804
1.0642
1.0673
1.0666
1.0704
1.0740
1.0685
1.0817
1.0689
1.0627
1.0642
1.0737
1.0624
1.0669
1.0678
1.0663
1.0683
1.0658
1.0603
1.0680
1.0734
1.0728
1.0667
1.0678
1.0584
1.0610
1.0572
1.0755
1.0736
1.0687
1.0572
1.0585
1.0685
1.0702
1.0592
1.0625
1.0680
1.0595
1.0566
1.0702
1.0593
1.0555
1.0628
1.0669
1.0478
1.0678
1.0653
1.0452
1.0598
1.0620
1.0450
1.0504
1.0667
1.0638
1.0548
1.0462
1.0560
1.0486
1.0523
1.0530
1.0521
1.0642
1.0440
1.0661
1.0472
1.0606
1.0511
1.0522
1.0573
1.0597
1.0416
1.0546
1.0498
1.0606
1.0450
1.0479
1.0446
1.0381
1.0572
1.0302
1.0408
1.0457
1.0449
1.0460
1.0667
1.0374
1.0485
1.0362
1.0596
1.0489
1.0507
1.0599
1.0340
1.0409
1.0512
1.0491
1.0436
1.0575
1.0331
1.0577
1.0364
1.0355
1.0405
1.0271
1.0576
1.0470
1.0456
1.0342
1.0418
1.0432
1.0357
1.0525
1.0380
1.0282
1.0550
1.0307
1.0303
1.0312
1.0494
1.0580
