0.3798
0.3603
0.3381
0.3403
0.3329
0.3366
0.3308
0.3283
0.3261
0.3334
0.3286
0.3292
0.3255
0.3226
0.3257
0.3258
0.3234
0.3272
0.3202
0.3227
0.3209
0.3217
0.3244
0.3256
0.3182
0.3248
0.3222
0.3246
0.3250
0.3200
0.3225
0.3230
0.3234
0.3211
0.3224
0.3219
0.3218
0.3208
0.3210
0.3193
0.3222
0.3185
0.3195
0.3198
0.3228
0.3211
0.3178
0.3228
0.3211
0.3190
0.3223
0.3208
0.3194
0.3214
0.3195
0.3216
0.3177
0.3152
0.3187
0.3182
0.3233
0.3195
0.3193
0.3213
0.3201
0.3181
0.3202
0.3161
0.3176
0.3179
0.3196
0.3177
0.3164
0.3213
0.3198
0.3199
0.3152
0.3161
0.3198
0.3186
0.3184
0.3143
0.3198
0.3157
0.3186
0.3184
0.3194
0.3167
0.3185
0.3129
0.3164
0.3156
0.3129
0.3185
0.3157
0.3182
0.3183
0.3137
0.3167
0.3165
0.3164
0.3186
0.3148
0.3192
0.3148
0.3183
0.3134
0.3174
0.3148
0.3134
0.3188
0.3140
0.3131
0.3166
0.3173
0.3138
0.3174
0.3157
0.3162
0.3156
0.3137
0.3165
0.3138
0.3167
0.3141
0.3154
0.3115
0.3144
0.3168
0.3187
0.3121
0.3126
0.3154
0.3104
0.3147
0.3136
0.3112
0.3144
0.3115
0.3159
0.3117
0.3127
0.3089
0.3132
0.3124
0.3144
0.3148
0.3171
0.3120
0.3131
0.3130
0.3111
0.3071
0.3171
0.3132
0.3115
0.3105
0.3126
0.3095
0.3091
0.3142
0.3093
0.3091
0.3127
0.3125
0.3083
0.3143
0.3086
0.3089
0.3175
0.3085
0.3108
0.3070
0.3085
0.3090
0.3066
0.3018
0.3115
0.3189
0.3084
0.3119
0.3123
0.3077
0.3034
0.3130
0.3086
0.3136
0.3137
0.3060
