1.1691
1.1556
1.1477
1.1127
1.1032
1.1031
1.1041
1.0977
1.0950
1.0921
1.0895
1.1070
1.0916
1.0906
1.0842
1.0858
1.1004
1.0860
1.0910
1.0767
1.1001
1.0869
1.0873
1.0939
1.0932
1.0885
1.0912
1.0758
1.0864
1.0848
1.0870
1.0855
1.0871
1.0805
1.0796
1.0885
1.0810
1.0834
1.0811
1.0814
1.0863
1.0733
1.0820
1.0821
1.0849
1.0922
1.0778
1.0821
1.0817
1.0813
1.0743
1.0812
1.0773
1.0825
1.0835
1.0820
1.0720
1.0848
1.0771
1.0845
1.0717
1.0821
1.0845
1.0715
1.0877
1.0878
1.0784
1.0798
1.0736
1.0711
1.0754
1.0840
1.0828
1.0856
1.0739
1.0826
1.0630
1.0909
1.0700
1.0765
1.0819
1.0591
1.0634
1.0838
1.0779
1.0777
1.0728
1.0682
1.0746
1.0778
1.0741
1.0749
1.0821
1.0699
1.0750
1.0767
1.0700
1.0706
1.0771
1.0578
1.0686
1.0679
1.0792
1.0736
1.0652
1.0631
1.0713
1.0765
1.0728
1.0651
1.0708
1.0742
1.0660
1.0567
1.0664
1.0788
1.0648
1.0678
1.0737
1.0764
1.0705
1.0571
1.0670
1.0584
1.0731
1.0630
1.0515
1.0692
1.0649
1.0691
1.0591
1.0690
1.0658
1.0741
1.0645
1.0521
1.0614
1.0656
1.0616
1.0601
1.0580
1.0436
1.0580
1.0731
1.0646
1.0644
1.0720
1.0617
1.0432
1.0567
1.0635
1.0680
1.0609
1.0556
1.0508
1.0551
1.0699
1.0498
1.0627
1.0698
1.0684
1.0547
1.0504
1.0603
1.0574
1.0587
1.0546
1.0490
1.0605
1.0561
1.0447
1.0616
1.0579
1.0402
1.0622
1.0447
1.0450
1.0682
1.0547
1.0650
1.0597
1.0537
1.0521
1.0452
1.0457
1.0513
1.0557
1.0551
1.0624
1.0536
1.0479
1.0590
1.0513
1.0463
1.0649
1.0393
1.0484
1.0482
1.0551
1.0343
1.0625
1.0533
1.0512
1.0507
1.0443
1.0469
1.0546
1.0381
1.0604
1.0443
