1.1718
1.1447
1.1202
1.1211
1.1035
1.1186
1.1195
1.1099
1.1099
1.1090
1.1018
1.1039
1.0934
1.1035
1.0992
1.1051
1.1060
1.1112
1.0949
1.0916
1.0850
1.1013
1.0907
1.0934
1.0872
1.1118
1.0997
1.1027
1.0943
1.0901
1.0967
1.0969
1.1005
1.0978
1.0982
1.0918
1.0963
1.0921
1.0956
1.0952
1.0968
1.0840
1.0908
1.0883
1.0926
1.0933
1.0824
1.0939
1.0913
1.0887
1.0900
1.0934
1.0906
1.0916
1.0964
1.0936
1.0851
1.0853
1.0908
1.0937
1.1046
1.0943
1.0835
1.0854
1.0870
1.0830
1.0836
1.0846
1.0801
1.0775
1.0845
1.0760
1.0795
1.0884
1.0916
1.0799
1.0769
1.0773
1.0878
1.0828
1.0860
1.0838
1.0872
1.0841
1.0841
1.0863
1.0852
1.0801
1.0813
1.0720
1.0791
1.0747
1.0788
1.0812
1.0771
1.0880
1.0824
1.0806
1.0729
1.0757
1.0770
1.0794
1.0817
1.0906
1.0729
1.0852
1.0724
1.0833
1.0694
1.0593
1.0809
1.0725
1.0573
1.0787
1.0745
1.0718
1.0839
1.0748
1.0746
1.0774
1.0589
1.0768
1.0625
1.0749
1.0677
1.0782
1.0638
1.0729
1.0771
1.0892
1.0673
1.0662
1.0719
1.0699
1.0761
1.0659
1.0631
1.0715
1.0596
1.0752
1.0565
1.0684
1.0669
1.0706
1.0701
1.0724
1.0701
1.0712
1.0643
1.0688
1.0678
1.0581
1.0562
1.0845
1.0701
1.0679
1.0598
1.0697
1.0519
1.0568
1.0683
1.0636
1.0595
1.0689
1.0578
1.0510
1.0758
1.0695
1.0591
1.0794
1.0692
1.0595
1.0536
1.0673
1.0625
1.0523
1.0528
1.0556
1.0728
1.0663
1.0630
1.0654
1.0542
1.0473
1.0575
1.0572
1.0594
1.0657
1.0633
1.0475
1.0592
1.0603
1.0473
1.0640
1.0690
1.0671
1.0658
1.0609
1.0616
1.0536
1.0442
1.0601
1.0521
1.0581
1.0409
1.0584
1.0549
1.0665
1.0601
1.0632
1.0636
1.0553
1.0370
1.0660
1.0581
1.0482
1.0596
1.0448
1.0502
1.0457
1.0497
1.0569
1.0335
1.0570
1.0456
1.0373
1.0605
1.0555
1.0756
1.0516
1.0441
1.0528
1.0474
1.0437
1.0416
1.0479
1.0636
1.0585
1.0651
1.0460
1.0380
1.0606
1.0543
1.0504
1.0543
1.0550
1.0299
1.0569
1.0547
1.0632
1.0350
1.0457
1.0351
1.0465
1.0428
1.0443
1.0603
1.0223
1.0638
1.0501
1.0454
1.0438
1.0406
1.0303
1.0331
1.0457
