1.1118
1.1145
1.0947
1.0964
1.0870
1.0933
1.0893
1.0839
1.0903
1.0847
1.0885
1.0897
1.0841
1.0811
1.0694
1.0748
1.0818
1.0839
1.0803
1.0950
1.0857
1.0684
1.0850
1.0751
1.0824
1.0687
1.0749
1.0767
1.0731
1.0702
1.0764
1.0696
1.0734
1.0728
1.0651
1.0669
1.0630
1.0718
1.0598
1.0688
1.0686
1.0722
1.0618
1.0685
1.0512
1.0709
1.0626
1.0603
1.0606
1.0609
1.0630
1.0576
1.0599
1.0489
1.0509
1.0604
1.0433
1.0546
1.0613
1.0566
1.0551
1.0525
1.0525
1.0561
1.0432
1.0426
1.0431
1.0496
1.0294
1.0607
1.0345
1.0536
1.0510
1.0368
1.0513
1.0398
1.0420
1.0257
1.0244
1.0459
1.0232
1.0516
1.0426
1.0647
1.0071
1.0401
1.0346
1.0370
1.0479
1.0285
1.0342
1.0040
1.0278
1.0282
1.0245
1.0381
1.0172
1.0476
1.0185
1.0172
1.0434
1.0258
1.0106
1.0146
1.0252
1.0072
1.0048
1.0039
1.0118
1.0339
1.0298
1.0296
1.0152
1.0144
1.0115
1.0022
1.0216
1.0087
1.0460
1.0149
1.0127
0.9963
1.0041
1.0158
1.0072
1.0094
0.9999
1.0125
1.0239
1.0009
1.0206
1.0040
0.9876
