1.1737
1.1588
1.1427
1.1296
1.1109
1.1151
1.1182
1.1074
1.1016
1.0959
1.1016
1.1035
1.0977
1.1030
1.0881
1.0912
1.1092
1.0940
1.0943
1.0855
1.1039
1.0943
1.0883
1.0979
1.1016
1.0910
1.0910
1.0833
1.0962
1.0855
1.0935
1.0915
1.0939
1.0822
1.0906
1.0913
1.0805
1.0852
1.0870
1.0859
1.0908
1.0821
1.0853
1.0873
1.0850
1.0927
1.0823
1.0893
1.0905
1.0888
1.0842
1.0845
1.0826
1.0837
1.0865
1.0936
1.0847
1.0869
1.0839
1.0951
1.0729
1.0872
1.0891
1.0777
1.0881
1.0969
1.0843
1.0854
1.0747
1.0831
1.0803
1.0840
1.0865
1.0912
1.0802
1.0792
1.0715
1.0933
1.0805
1.0826
1.0898
1.0706
1.0643
1.0879
1.0794
1.0803
1.0793
1.0710
1.0774
1.0891
1.0890
1.0869
1.0846
1.0763
1.0782
1.0822
1.0787
1.0740
1.0792
1.0649
1.0800
1.0724
1.0886
1.0741
1.0735
1.0712
1.0755
1.0857
1.0787
1.0766
1.0784
1.0770
1.0744
1.0586
1.0769
1.0872
1.0686
1.0779
1.0774
1.0805
1.0758
1.0659
1.0757
1.0659
1.0802
1.0658
1.0651
1.0758
1.0772
1.0736
1.0651
1.0805
1.0729
1.0759
1.0728
1.0567
1.0655
1.0739
1.0686
1.0749
1.0639
1.0543
1.0708
1.0797
1.0744
1.0697
1.0738
1.0644
1.0597
1.0619
1.0669
1.0756
1.0745
1.0722
1.0643
1.0613
1.0738
1.0645
1.0660
1.0805
1.0705
1.0692
1.0597
1.0685
1.0622
1.0650
1.0679
1.0596
1.0685
1.0735
1.0582
1.0684
1.0662
1.0557
1.0650
1.0575
1.0514
1.0778
1.0683
1.0742
1.0692
1.0588
1.0677
1.0529
1.0639
1.0596
1.0652
1.0598
1.0828
1.0639
1.0566
1.0730
1.0596
1.0561
1.0811
1.0589
1.0613
1.0613
1.0644
1.0462
1.0652
1.0697
1.0590
1.0621
1.0619
1.0637
1.0758
1.0566
1.0736
1.0531
1.0487
1.0558
1.0655
1.0734
1.0697
1.0592
1.0543
1.0664
1.0677
1.0475
1.0588
1.0489
1.0666
1.0739
1.0578
1.0556
1.0638
1.0511
1.0553
1.0501
1.0650
1.0569
1.0574
1.0450
1.0614
1.0575
1.0421
1.0538
