1.1307
1.1124
1.0929
1.0987
1.0944
1.1021
1.0944
1.0896
1.0936
1.0950
1.0864
1.0972
1.0904
1.0850
1.0806
1.0880
1.0925
1.0939
1.0825
1.0935
1.0955
1.0798
1.0914
1.0833
1.0920
1.0811
1.0866
1.0809
1.0840
1.0766
1.0868
1.0853
1.0808
1.0855
1.0734
1.0820
1.0785
1.0876
1.0782
1.0809
1.0782
1.0843
1.0805
1.0784
1.0734
1.0815
1.0738
1.0749
1.0739
1.0838
1.0786
1.0832
1.0756
1.0681
1.0723
1.0771
1.0746
1.0744
1.0720
1.0787
1.0668
1.0720
1.0786
1.0674
1.0615
1.0748
1.0745
1.0728
1.0634
1.0784
1.0669
1.0787
1.0672
1.0699
1.0756
1.0639
1.0599
1.0565
1.0639
1.0710
1.0555
1.0699
1.0623
1.0767
1.0474
1.0758
1.0641
1.0628
1.0718
1.0552
1.0687
1.0587
1.0720
1.0633
1.0615
1.0800
1.0543
1.0596
1.0628
1.0572
1.0682
1.0595
1.0452
1.0505
1.0646
1.0540
1.0543
1.0488
1.0551
1.0514
1.0704
1.0670
1.0580
1.0699
1.0557
1.0355
1.0685
1.0637
1.0761
1.0521
1.0593
1.0422
1.0500
1.0609
1.0551
1.0575
1.0479
1.0378
1.0580
1.0455
1.0523
1.0660
1.0506
1.0503
1.0489
1.0630
1.0362
1.0479
1.0499
1.0516
