1.1559
1.1326
1.1111
1.1117
1.0946
1.1007
1.0972
1.0976
1.0913
1.1035
1.0891
1.0883
1.0892
1.0863
1.0888
1.0968
1.0883
1.0933
1.0814
1.0864
1.0803
1.0857
1.0882
1.0871
1.0768
1.0939
1.0848
1.0878
1.0897
1.0796
1.0808
1.0835
1.0823
1.0821
1.0875
1.0856
1.0853
1.0849
1.0846
1.0816
1.0841
1.0743
1.0820
1.0818
1.0827
1.0833
1.0731
1.0863
1.0811
1.0736
1.0852
1.0766
1.0837
1.0776
1.0789
1.0794
1.0751
1.0656
1.0702
1.0791
1.0916
1.0772
1.0735
1.0794
1.0756
1.0748
1.0756
1.0740
1.0706
1.0738
1.0795
1.0659
1.0692
1.0809
1.0810
1.0725
1.0628
1.0666
1.0721
1.0701
1.0731
1.0671
1.0758
1.0680
1.0705
1.0665
1.0728
1.0676
1.0702
1.0558
1.0735
1.0676
1.0595
1.0660
1.0622
1.0773
1.0687
1.0611
1.0652
1.0594
1.0562
1.0704
1.0675
1.0784
1.0562
1.0641
1.0597
1.0689
1.0619
1.0557
1.0755
1.0535
1.0489
1.0666
1.0678
1.0541
1.0664
1.0666
1.0586
1.0543
1.0542
1.0677
1.0495
1.0626
1.0625
1.0678
1.0516
1.0566
1.0628
1.0677
1.0477
1.0552
1.0601
1.0496
1.0606
1.0583
1.0585
1.0618
1.0488
1.0547
1.0496
1.0468
1.0502
1.0556
1.0539
1.0576
1.0650
1.0644
1.0490
1.0492
1.0556
1.0446
1.0346
1.0605
1.0653
1.0400
1.0396
1.0547
1.0347
1.0397
1.0595
1.0439
1.0384
1.0533
1.0508
1.0381
1.0532
1.0465
1.0423
1.0631
1.0485
1.0433
1.0389
1.0355
1.0433
1.0431
1.0256
1.0400
1.0502
1.0357
1.0515
1.0459
1.0377
1.0223
1.0399
1.0362
1.0455
1.0485
1.0395
1.0238
1.0322
1.0361
1.0305
1.0345
1.0629
1.0426
1.0401
1.0368
1.0486
1.0329
1.0312
1.0281
1.0289
1.0234
1.0100
1.0374
1.0379
1.0424
1.0569
1.0391
1.0317
1.0333
1.0220
1.0362
1.0329
1.0281
1.0331
1.0125
1.0281
1.0269
1.0293
1.0448
1.0262
1.0389
1.0281
1.0214
1.0285
1.0267
1.0399
1.0279
1.0321
1.0370
1.0227
1.0204
1.0136
1.0252
1.0258
1.0281
