0.5803
0.5463
0.5108
0.5102
0.4997
0.5039
0.4962
0.4934
0.4894
0.5018
0.4932
0.4943
0.4893
0.4845
0.4882
0.4908
0.4857
0.4908
0.4799
0.4840
0.4818
0.4822
0.4868
0.4890
0.4780
0.4877
0.4838
0.4876
0.4871
0.4810
0.4844
0.4854
0.4855
0.4819
0.4836
0.4836
0.4823
0.4820
0.4831
0.4789
0.4841
0.4791
0.4802
0.4805
0.4854
0.4831
0.4779
0.4841
0.4822
0.4794
0.4838
0.4818
0.4798
0.4828
0.4805
0.4830
0.4776
0.4738
0.4796
0.4783
0.4853
0.4809
0.4802
0.4826
0.4812
0.4786
0.4807
0.4752
0.4769
0.4768
0.4802
0.4776
0.4755
0.4820
0.4802
0.4809
0.4734
0.4747
0.4800
0.4791
0.4773
0.4719
0.4803
0.4745
0.4783
0.4786
0.4812
0.4756
0.4783
0.4686
0.4756
0.4723
0.4694
0.4779
0.4747
0.4777
0.4780
0.4704
0.4754
0.4752
0.4749
0.4790
0.4714
0.4788
0.4727
0.4785
0.4702
0.4769
0.4720
0.4695
0.4780
0.4703
0.4690
0.4741
0.4748
0.4707
0.4753
0.4729
0.4728
0.4729
0.4694
0.4750
0.4676
0.4740
0.4697
0.4743
0.4677
0.4708
0.4739
0.4784
0.4684
0.4677
0.4748
0.4649
0.4725
0.4705
0.4656
0.4706
0.4678
0.4727
0.4670
0.4687
0.4614
0.4693
0.4689
0.4689
0.4727
0.4748
0.4666
0.4697
0.4705
0.4651
0.4590
0.4723
0.4676
0.4659
0.4656
0.4687
0.4634
0.4661
0.4701
0.4653
0.4637
0.4692
0.4705
0.4596
0.4694
0.4632
0.4634
0.4775
0.4608
0.4652
0.4603
0.4604
0.4630
0.4617
0.4501
0.4647
0.4785
0.4628
0.4678
0.4677
