1.1588
1.1350
1.1074
1.1094
1.0977
1.1038
1.0959
1.0941
1.0891
1.1077
1.0952
1.0967
1.0936
1.0889
1.0907
1.1007
1.0902
1.0974
1.0792
1.0871
1.0848
1.0848
1.0911
1.0922
1.0772
1.0942
1.0879
1.0931
1.0923
1.0846
1.0878
1.0893
1.0899
1.0844
1.0891
1.0874
1.0860
1.0864
1.0866
1.0825
1.0866
1.0789
1.0814
1.0828
1.0911
1.0860
1.0777
1.0885
1.0845
1.0778
1.0875
1.0842
1.0839
1.0834
1.0812
1.0851
1.0761
1.0704
1.0784
1.0780
1.0940
1.0796
1.0799
1.0853
1.0792
1.0767
1.0830
1.0738
1.0758
1.0752
1.0802
1.0752
1.0708
1.0855
1.0811
1.0795
1.0655
1.0718
1.0766
1.0786
1.0753
1.0679
1.0765
1.0714
1.0775
1.0721
1.0834
1.0698
1.0752
1.0553
1.0715
1.0678
1.0553
1.0775
1.0643
1.0752
1.0708
1.0666
1.0701
1.0658
1.0647
1.0796
1.0609
1.0743
1.0639
1.0732
1.0609
1.0684
1.0597
1.0547
1.0711
1.0635
1.0556
1.0661
1.0713
1.0545
1.0669
1.0628
1.0663
1.0633
1.0603
1.0688
1.0572
1.0646
1.0634
1.0634
1.0468
1.0552
1.0712
1.0764
1.0567
1.0535
1.0655
1.0465
1.0643
1.0593
1.0514
1.0600
1.0516
1.0605
1.0493
1.0567
1.0452
1.0501
1.0540
1.0541
1.0633
1.0632
1.0546
1.0529
1.0572
1.0479
1.0382
1.0544
1.0556
1.0506
1.0361
1.0609
1.0474
1.0430
1.0613
1.0442
1.0476
1.0608
1.0535
1.0362
1.0582
1.0468
1.0454
1.0718
1.0401
1.0498
1.0438
1.0376
1.0513
1.0444
1.0179
1.0502
1.0637
1.0341
1.0569
1.0540
1.0391
1.0269
1.0450
1.0408
1.0492
1.0608
1.0361
1.0286
1.0403
1.0459
1.0479
1.0447
1.0555
1.0484
1.0396
1.0414
1.0501
1.0464
1.0372
1.0325
1.0399
1.0392
1.0158
1.0385
1.0253
1.0427
1.0388
1.0355
1.0376
1.0352
1.0293
1.0401
1.0285
1.0269
1.0347
1.0225
1.0301
1.0351
1.0416
1.0474
1.0405
1.0472
