1.1588
1.1350
1.1073
1.1094
1.0978
1.1038
1.0959
1.0941
1.0891
1.1076
1.0951
1.0968
1.0936
1.0889
1.0907
1.1006
1.0902
1.0974
1.0790
1.0868
1.0848
1.0846
1.0909
1.0922
1.0770
1.0942
1.0880
1.0929
1.0922
1.0844
1.0877
1.0891
1.0897
1.0841
1.0890
1.0873
1.0859
1.0863
1.0865
1.0824
1.0861
1.0784
1.0811
1.0823
1.0906
1.0855
1.0769
1.0879
1.0840
1.0769
1.0872
1.0837
1.0829
1.0829
1.0808
1.0846
1.0754
1.0691
1.0779
1.0770
1.0933
1.0791
1.0787
1.0848
1.0783
1.0749
1.0814
1.0740
1.0753
1.0735
1.0799
1.0747
1.0700
1.0841
1.0799
1.0783
1.0641
1.0721
1.0750
1.0774
1.0736
1.0662
1.0764
1.0713
1.0774
1.0724
1.0831
1.0683
1.0746
1.0545
1.0707
1.0663
1.0536
1.0780
1.0636
1.0738
1.0697
1.0655
1.0689
1.0635
1.0647
1.0789
1.0608
1.0726
1.0636
1.0713
1.0597
1.0691
1.0591
1.0548
1.0709
1.0625
1.0529
1.0637
1.0698
1.0564
1.0666
1.0621
1.0657
1.0605
1.0597
1.0671
1.0529
1.0635
1.0618
1.0605
1.0474
1.0557
1.0688
1.0752
1.0532
1.0543
1.0657
1.0476
1.0625
1.0593
1.0470
1.0591
1.0508
1.0587
1.0474
1.0530
1.0425
1.0480
1.0543
1.0533
1.0659
1.0621
1.0507
1.0511
1.0540
1.0482
1.0338
1.0532
1.0512
1.0508
1.0379
1.0573
1.0455
1.0446
1.0611
1.0404
1.0422
1.0560
1.0515
1.0348
1.0541
1.0414
1.0392
1.0698
1.0367
1.0500
1.0401
1.0348
1.0467
1.0446
1.0141
1.0461
1.0629
1.0346
1.0546
1.0505
1.0384
1.0214
1.0366
1.0424
1.0475
1.0574
1.0318
1.0306
1.0401
1.0411
1.0434
1.0309
1.0494
1.0450
1.0414
1.0348
1.0481
1.0442
1.0377
1.0347
1.0342
1.0314
1.0107
1.0305
1.0232
1.0419
1.0357
1.0327
