1.1468
1.1258
1.1171
1.1089
1.1034
1.1042
1.0894
1.1186
1.0854
1.0897
1.1080
1.1065
1.0860
1.0951
1.1039
1.1128
1.0923
1.0917
1.0842
1.0928
1.0837
1.0935
1.0975
1.0938
1.0950
1.0946
1.0857
1.0945
1.0937
1.0834
1.0963
1.0920
1.0901
1.0829
1.0922
1.0858
1.0869
1.0969
1.0864
1.0868
1.0852
1.0976
1.0812
1.0852
1.0912
1.0920
1.0873
1.0877
1.0921
1.0894
1.0917
1.0975
1.0881
1.0917
1.0872
1.0801
1.0803
1.0925
1.0912
1.0854
1.0802
1.0907
1.0859
1.0878
1.0894
1.0900
1.0828
1.0914
1.0763
1.0847
1.0926
1.0788
1.0842
1.0827
1.0827
1.0874
1.0790
1.0795
1.0783
1.0844
1.0765
1.0861
1.0749
1.0893
1.0821
1.0726
1.0884
1.0846
1.0778
1.0747
1.0834
1.0931
1.0803
1.0785
1.0789
1.0829
1.0711
1.0636
1.0788
1.0822
1.0809
1.0744
1.0740
1.0669
1.0713
1.0802
1.0878
1.0796
1.0807
1.0852
1.0693
1.0733
1.0794
1.0741
1.0850
1.0725
1.0788
1.0742
1.0650
1.0684
1.0734
1.0842
1.0731
1.0802
1.0662
1.0722
1.0788
1.0682
1.0701
1.0588
1.0749
1.0781
1.0757
1.0690
1.0699
1.0730
1.0741
1.0827
1.0685
1.0663
1.0707
1.0771
1.0824
1.0564
1.0649
1.0553
1.0710
1.0659
1.0701
1.0692
1.0669
1.0648
1.0755
1.0643
1.0684
1.0647
1.0568
1.0607
1.0785
1.0502
1.0687
1.0671
1.0603
1.0782
1.0605
1.0669
1.0534
1.0535
1.0731
1.0580
1.0580
1.0464
1.0614
1.0642
1.0743
1.0580
1.0625
1.0505
1.0629
1.0484
1.0623
1.0569
1.0733
1.0565
1.0421
1.0542
1.0483
1.0651
1.0546
1.0461
1.0504
1.0501
1.0618
1.0480
1.0526
1.0532
1.0526
1.0725
1.0398
1.0557
1.0475
1.0548
1.0396
1.0620
1.0538
1.0441
1.0550
1.0574
1.0544
1.0459
1.0490
1.0426
1.0409
1.0573
1.0548
1.0507
1.0577
1.0362
1.0407
1.0312
1.0405
1.0623
1.0452
1.0679
1.0573
1.0323
1.0494
1.0447
1.0410
1.0462
1.0309
1.0320
1.0475
1.0454
1.0337
1.0542
1.0470
1.0450
1.0543
1.0388
1.0329
1.0471
1.0357
1.0368
1.0322
1.0305
1.0358
1.0454
1.0433
1.0579
1.0446
1.0469
1.0363
1.0303
1.0460
1.0369
1.0539
1.0313
1.0404
