1.1559
1.1318
1.1100
1.1110
1.0938
1.1004
1.0971
1.0974
1.0907
1.1033
1.0887
1.0876
1.0886
1.0859
1.0882
1.0961
1.0875
1.0924
1.0803
1.0863
1.0791
1.0852
1.0873
1.0863
1.0750
1.0925
1.0841
1.0859
1.0890
1.0785
1.0791
1.0816
1.0816
1.0795
1.0851
1.0839
1.0844
1.0835
1.0821
1.0790
1.0805
1.0732
1.0793
1.0802
1.0796
1.0812
1.0686
1.0843
1.0780
1.0714
1.0834
1.0732
1.0815
1.0759
1.0757
1.0767
1.0710
1.0624
1.0658
1.0772
1.0898
1.0746
1.0683
1.0760
1.0712
1.0696
1.0730
1.0716
1.0652
1.0705
1.0794
1.0614
1.0663
1.0774
1.0796
1.0687
1.0546
1.0614
1.0683
1.0668
1.0717
1.0627
1.0745
1.0596
1.0652
1.0617
1.0706
1.0621
1.0663
1.0513
1.0710
1.0621
1.0495
1.0656
1.0583
1.0717
1.0658
1.0625
1.0663
1.0522
1.0556
1.0696
1.0608
1.0734
1.0553
1.0664
1.0506
1.0659
1.0562
1.0494
1.0686
1.0512
1.0425
1.0574
1.0666
1.0555
1.0611
1.0631
1.0510
1.0504
1.0482
1.0624
1.0478
1.0576
1.0548
1.0568
1.0406
1.0471
1.0563
1.0642
1.0427
1.0457
1.0564
1.0386
1.0537
1.0500
1.0451
1.0480
1.0406
1.0525
1.0336
1.0373
1.0453
1.0457
1.0426
1.0487
1.0569
1.0543
1.0437
1.0499
1.0438
1.0426
1.0281
1.0554
1.0509
1.0399
1.0305
1.0462
1.0256
1.0347
1.0543
1.0356
1.0230
1.0443
1.0448
1.0280
1.0369
1.0367
1.0338
1.0528
1.0368
1.0299
1.0178
1.0189
1.0356
1.0225
1.0089
1.0303
1.0454
1.0154
1.0478
1.0414
1.0190
1.0189
1.0336
1.0282
1.0281
1.0382
1.0240
1.0100
1.0280
1.0205
1.0283
1.0165
1.0415
1.0338
1.0265
1.0217
1.0396
1.0180
1.0150
1.0098
1.0123
