1.1118
1.1149
1.0953
1.0965
1.0874
1.0940
1.0896
1.0841
1.0920
1.0859
1.0896
1.0904
1.0850
1.0819
1.0721
1.0762
1.0855
1.0853
1.0813
1.0981
1.0868
1.0698
1.0867
1.0767
1.0863
1.0727
1.0805
1.0791
1.0741
1.0740
1.0803
1.0769
1.0755
1.0756
1.0708
1.0709
1.0662
1.0747
1.0650
1.0727
1.0727
1.0783
1.0667
1.0703
1.0616
1.0781
1.0686
1.0653
1.0668
1.0718
1.0691
1.0661
1.0655
1.0543
1.0567
1.0660
1.0545
1.0590
1.0671
1.0598
1.0610
1.0583
1.0579
1.0604
1.0547
1.0528
1.0568
1.0498
1.0388
1.0654
1.0455
1.0582
1.0506
1.0463
1.0606
1.0449
1.0478
1.0378
1.0391
1.0569
1.0283
1.0539
1.0500
1.0652
1.0177
1.0520
1.0442
1.0414
1.0599
1.0435
1.0456
1.0158
1.0392
1.0403
1.0403
1.0524
1.0274
1.0493
1.0367
1.0400
1.0519
1.0303
1.0225
1.0317
1.0458
1.0252
1.0272
1.0073
1.0215
1.0317
1.0331
1.0338
1.0171
1.0275
1.0253
1.0076
1.0272
1.0270
1.0538
1.0284
1.0243
1.0261
1.0194
1.0332
1.0156
1.0153
0.9956
1.0072
1.0382
1.0258
1.0395
1.0357
1.0012
