0.5803
0.5463
0.5108
0.5103
0.4997
0.5039
0.4963
0.4936
0.4896
0.5019
0.4932
0.4943
0.4893
0.4846
0.4882
0.4908
0.4856
0.4909
0.4800
0.4841
0.4819
0.4823
0.4868
0.4889
0.4780
0.4879
0.4838
0.4876
0.4872
0.4811
0.4845
0.4855
0.4857
0.4821
0.4837
0.4837
0.4826
0.4820
0.4832
0.4790
0.4841
0.4794
0.4804
0.4806
0.4858
0.4834
0.4782
0.4842
0.4821
0.4795
0.4842
0.4817
0.4802
0.4831
0.4808
0.4835
0.4779
0.4740
0.4798
0.4787
0.4855
0.4811
0.4807
0.4831
0.4818
0.4796
0.4811
0.4757
0.4773
0.4770
0.4803
0.4776
0.4763
0.4824
0.4807
0.4814
0.4740
0.4752
0.4803
0.4795
0.4782
0.4725
0.4812
0.4750
0.4785
0.4793
0.4815
0.4762
0.4786
0.4693
0.4762
0.4729
0.4704
0.4780
0.4750
0.4778
0.4786
0.4713
0.4755
0.4758
0.4752
0.4795
0.4721
0.4801
0.4727
0.4791
0.4709
0.4770
0.4723
0.4704
0.4791
0.4708
0.4699
0.4746
0.4761
0.4708
0.4766
0.4737
0.4736
0.4734
0.4706
0.4755
0.4698
0.4755
0.4709
0.4756
0.4687
0.4709
0.4753
0.4791
0.4698
0.4699
0.4743
0.4664
0.4736
0.4711
0.4668
0.4723
0.4693
0.4738
0.4673
0.4697
0.4637
0.4716
0.4696
0.4711
0.4740
0.4759
0.4678
0.4702
0.4712
0.4673
0.4607
0.4742
0.4693
0.4681
0.4655
0.4701
0.4639
0.4665
0.4712
0.4659
0.4660
0.4714
0.4696
0.4626
0.4711
0.4633
0.4650
0.4777
0.4626
0.4679
0.4629
0.4619
0.4654
0.4628
0.4515
0.4664
0.4791
0.4635
0.4688
0.4684
0.4639
0.4555
0.4674
0.4613
0.4714
0.4716
0.4599
0.4550
0.4615
0.4638
0.4628
0.4646
0.4713
0.4670
0.4657
0.4644
0.4638
0.4609
0.4622
0.4621
0.4624
0.4634
0.4553
0.4603
0.4574
0.4642
0.4662
0.4625
